SBCF20170105 10 1 3344
SBCF20170105 11 3 1700 1703 3378
SBCF20170105 12 1 2185
SBCF20170105 16 1 4120
SBCF20170105 19 1 3326
SBCF20170105 20 1 1913
SBCF20170105 22 1 1833
SBGR20170105 3 1 3291
SBGR20170105 6 1 1408
SBGR20170105 7 1 6312
SBGR20170105 8 2 3299 3896
SBGR20170105 9 1 2700
SBGR20170105 10 2 1677 3408
SBGR20170105 11 1 3804
SBGR20170105 12 2 1233 3345
SBGR20170105 13 2 5019 5187
SBGR20170105 14 2 3895 6305
SBGR20170105 15 1 6577
SBGR20170105 16 2 4846 6578
SBGR20170105 17 2 3516 6315
SBGR20170105 18 2 3662 4488
SBGR20170105 19 1 1095
SBGR20170105 20 2 1525 1679
SBGR20170105 21 3 1098 1329 4847
SBGR20170105 22 1 1620
SBGR20170105 23 2 1419 3669
